300.0 0.0102478
310.0 0.0126644
320.0 0.0220811
330.0 0.0629631
340.0 0.141772
350.0 0.210824
360.0 0.251008
370.0 0.282547
380.0 0.318169
390.0 0.348826
400.0 0.368258
420.0 0.395227
440.0 0.4096
460.0 0.415
480.0 0.41275
500.0 0.40519
520.0 0.386723
540.0 0.359855
560.0 0.332322
580.0 0.303999
600.0 0.277531
620.0 0.254198
640.0 0.221579
660.0 0.198058
680.0 0.178066
700.0 0.159252
720.0 0.141433
740.0 0.126184
760.0 0.111666
780.0 0.0970555
800.0 0.0846782
820.0 0.0734925
840.0 0.0626702
860.0 0.0522466
880.0 0.0428305
900.0 0.0345547
920.0 0.0272617
940.0 0.02097
960.0 0.0157987
980.0 0.0116202
1000.0 0.00823845
